state,            Bachelor's degree,            Graduate or professional degree,            High school graduate (includes equivalency),year
Alabama,1.1731567510864678,1.2341660578192761,1.0011243319466003,2020
Alaska,1.2041117381225561,1.1811456602579318,0.717029383672086,2020
Arizona,1.0804514858621088,1.0171538602472312,0.9691422490244768,2020
Arkansas,1.1869459475491522,1.224106463878327,0.9210354973099197,2020
California,1.1005607197556817,1.0208393703832708,0.9269087840157094,2020
Colorado,1.065947531005796,1.0523475825758772,0.876998756078254,2020
Connecticut,1.1283133208519265,1.167062713588185,0.9545427551144242,2020
Delaware,1.1612582153690596,1.196293334587704,0.9918922062170829,2020
Florida,1.131056785529148,1.0427657440928757,1.0069917485067361,2020
Georgia,1.1510423744540448,1.2715227865606031,0.9638460075897078,2020
Hawaii,1.1556112356587103,1.117039055404178,0.8619028595580104,2020
Idaho,1.1464151221353662,0.8143924762784449,0.9037079875167373,2020
Illinois,1.109113187540593,1.1726165177944265,0.9617067833698031,2020
Indiana,1.1243103391366829,1.154203667953668,0.9567544199636266,2020
Iowa,1.1669720094439877,1.1094536639940331,0.890243057248979,2020
Kansas,1.1195948185184652,1.1050490736366976,0.9046700760229706,2020
Kentucky,1.0824445122186952,1.3635843933114191,0.9128158155610331,2020
Louisiana,1.2755049859371004,1.3835715791693022,0.9573593456901867,2020
Maine,1.26594279491368,1.3252001082711418,0.9133559525998228,2020
Maryland,1.1619369220243219,1.181822141284139,0.9632162277303116,2020
Massachusetts,1.1235536469211043,1.169108069655131,0.9323491639127512,2020
Michigan,1.1184418767177808,1.0849740799671508,0.964816050830651,2020
Minnesota,1.124370868046224,1.1264797261021484,0.8857302503791608,2020
Mississippi,1.3360455655004069,1.467116077965493,0.9414913676020675,2020
Missouri,1.1364940230822014,1.2177180680014454,0.9300394609210015,2020
Montana,1.1142160586087766,1.044665639289594,0.8675280706931093,2020
Nebraska,1.161199736224002,1.1172426189727227,0.9129771837478236,2020
Nevada,1.0719396161016128,1.013256690825718,0.9280975253504115,2020
New Hampshire,1.0721435462752396,1.1582035109050839,0.9099051337545453,2020
New Jersey,1.1413719420144122,1.0664092728174253,1.0289274709016976,2020
New Mexico,1.1923130418656405,1.140632056931509,0.9010432514670724,2020
New York,1.1079779686658908,1.2836575157268786,1.0005611094107796,2020
North Carolina,1.206996880798584,1.1968621236133121,0.9415780272418143,2020
North Dakota,1.206084271703596,1.2078453434255614,0.7956875014592916,2020
Ohio,1.1226941999480382,1.1703984801103589,0.9662143120237725,2020
Oklahoma,1.1556593093079495,1.12674372618106,0.9272538813678054,2020
Oregon,1.1079781448571084,1.0882936988424468,0.9372564370000223,2020
Pennsylvania,1.0846100615114236,1.1763554980275672,1.0003723626235541,2020
Rhode Island,1.1200541088941496,1.1517354692955433,0.9653202113969844,2020
South Carolina,1.1394677469460248,1.2945649434048325,0.9777483506349168,2020
South Dakota,1.178627199222681,1.1472812957902658,0.8491558363805506,2020
Tennessee,1.1452105797591992,1.230327534811735,0.9680880199230836,2020
Texas,1.1269158189271848,1.044954268292683,0.9507722120608896,2020
Utah,1.0812049110029764,0.668477723243161,0.9895355647148524,2020
Vermont,1.2130079045902094,1.3519137501638485,0.8236804246453021,2020
Virginia,1.159116513944529,1.0434351467906804,0.9278817674249386,2020
Washington,1.0573217923105949,1.026412995104584,0.9022141262723606,2020
West Virginia,1.1531733736688665,1.2981766252043794,0.9193976436527403,2020
Wisconsin,1.1802709047314177,1.1573155248590727,0.9173075055157006,2020
Wyoming,1.1317234129533376,0.9844192634560907,0.7912378550970907,2020
Alabama,1.1780783361541955,1.2480129603914567,1.0054371025332411,2019
Alaska,1.246456654693719,1.2381610102604579,0.7728711668212196,2019
Arizona,1.101862583043591,1.0154957391165116,0.9417794801401709,2019
Arkansas,1.2343870262095413,1.1919900908340215,0.9364759699066415,2019
California,1.1121871973717259,1.0196216480439808,0.9172018843632088,2019
Colorado,1.0511618500690514,1.06832170106961,0.8884874166010254,2019
Connecticut,1.1424279423752586,1.1635867889625404,0.989522252947996,2019
Delaware,1.1631960817121214,1.1634911161103714,1.0460859246850243,2019
Florida,1.1238359442774257,1.070610556444028,0.9940633250684167,2019
Georgia,1.1721400773718393,1.3133601802135406,0.9606914908156571,2019
Hawaii,1.2274665991508589,1.1967083010525121,0.8281733571918926,2019
Idaho,1.1679601042221164,0.8774534111813165,0.8539471959837495,2019
Illinois,1.1072926149118725,1.1714175098988122,0.9599382621054251,2019
Indiana,1.115382588731228,1.1887411466321218,0.9426924463385892,2019
Iowa,1.1821938847195508,1.1472635659733592,0.8702740720234042,2019
Kansas,1.1324175297276564,1.1594455324026027,0.8979757471593621,2019
Kentucky,1.092288787530987,1.440549015973059,0.8956732916934023,2019
Louisiana,1.2783351111562622,1.370111544147292,0.956753299685376,2019
Maine,1.249410893075807,1.3269508467265532,0.8994395420288906,2019
Maryland,1.1995749373076992,1.1735932218934353,0.9584054491653174,2019
Massachusetts,1.1053188686926743,1.1974000347954008,0.9305502323318017,2019
Michigan,1.1189827145347508,1.116937621148533,0.956136702543138,2019
Minnesota,1.10717621338725,1.1900556941386018,0.8504749264751039,2019
Mississippi,1.318013236563609,1.521171970041186,0.9309536864835531,2019
Missouri,1.1293020009780748,1.258111801690466,0.9283879201216694,2019
Montana,1.0964799126079328,1.0719392077949588,0.8872744262998253,2019
Nebraska,1.165193979406247,1.1650926743159753,0.899412533288118,2019
Nevada,1.1374059858324175,1.0196104964037014,0.9277489592281768,2019
New Hampshire,1.0710888155329712,1.2506574954481084,0.888647598022748,2019
New Jersey,1.1528272524237608,1.0507478121380283,1.024550027037002,2019
New Mexico,1.2058142816821902,1.2013716180571257,0.8758072279071714,2019
New York,1.098121206345242,1.3252271918041012,0.9832812526192376,2019
North Carolina,1.1930466682300915,1.2490132035590154,0.9434969782266744,2019
North Dakota,1.2597099898744817,1.2472193385733352,0.8474291063789446,2019
Ohio,1.1349999727168059,1.1668702168713008,0.9543921256966922,2019
Oklahoma,1.1623790940703527,1.1533073026027751,0.9278975308938983,2019
Oregon,1.102648062879618,1.1291822532444462,0.9518019783660342,2019
Pennsylvania,1.0757719888376391,1.2117340939607497,0.9910101101430683,2019
Rhode Island,1.057772200631084,1.2580534170573308,1.0042039950102872,2019
South Carolina,1.1171442875130846,1.3562605673492392,1.0120477208280467,2019
South Dakota,1.0470083440206464,1.248283324316451,0.8794027107741788,2019
Tennessee,1.2010379175902135,1.2525585037896385,0.9688477567206749,2019
Texas,1.118904241992611,1.0226710190487587,0.9459516734995368,2019
Utah,1.0686329424120427,0.696079195572531,0.9762427812711992,2019
Vermont,1.1338801038470616,1.4031613920864516,0.8068547418967587,2019
Virginia,1.1774424965597552,1.0713610432609206,0.9151659335896798,2019
Washington,1.049420755240805,1.0395331457354762,0.9255055334335661,2019
West Virginia,1.1631618452300385,1.2576619829066904,0.8935151784684818,2019
Wisconsin,1.1737226027731906,1.1861332309309187,0.9195299274341531,2019
Wyoming,1.1382613510520487,1.047365805168986,0.771598743630179,2019
Alabama,1.195555922878024,1.1664407403118464,0.9848994798209865,2018
Alaska,1.1939705031810295,1.1578167448752779,0.6411092652799152,2018
Arizona,1.0563911388258154,1.0076731241452492,0.9871753178097414,2018
Arkansas,1.144399837551015,1.2507717881738305,0.9154256765529423,2018
California,1.1012495696036004,1.0142123435348558,0.9388452806851251,2018
Colorado,1.0704952133363919,1.0286688281225567,0.8924468500191246,2018
Connecticut,1.132856222352541,1.1753716432225063,0.9539431445958161,2018
Delaware,1.0962541488857278,1.230429693215627,1.0146309185373983,2018
Florida,1.1388798721030498,1.0185071847552838,1.0066801355444672,2018
Georgia,1.1514352566428276,1.2595484851388907,0.9668256150718193,2018
Hawaii,1.1578145386322296,1.0579606767261087,0.9213590202412214,2018
Idaho,1.0986683464070943,0.8710862306030249,0.9209173504516864,2018
Illinois,1.0981007064315729,1.1557188993292513,0.9964319203088277,2018
Indiana,1.161063227146631,1.1219967837299103,0.9795770176594061,2018
Iowa,1.1536567047715658,1.1459855571792765,0.9015793749153813,2018
Kansas,1.1141114599762685,1.091183276565872,0.9193315500904929,2018
Kentucky,1.1121504352744782,1.3366396478775011,0.9113195685262392,2018
Louisiana,1.2997770246164824,1.309851471209348,0.9801074423994814,2018
Maine,1.2465413384523731,1.322966553941787,0.9661584708685546,2018
Maryland,1.1693742554036421,1.195469492144684,0.9284021594107392,2018
Massachusetts,1.1303312295650618,1.1520567472943537,0.9338731714870256,2018
Michigan,1.1297164887014706,1.0852758265849403,0.9567281309724709,2018
Minnesota,1.104453857804528,1.1044215193562918,0.9081658498396161,2018
Mississippi,1.264688873925615,1.4479386186221839,0.954311476151688,2018
Missouri,1.1626537445981628,1.1794507354385046,0.9238928214157883,2018
Montana,1.136620586874968,1.0565759089200366,0.8473131667127793,2018
Nebraska,1.1454844429625812,1.0845020930729978,0.9036554852018734,2018
Nevada,1.052296295437551,1.0216254614479858,0.9306289894171801,2018
New Hampshire,1.1201216838412629,1.161919674313004,0.8736418632788868,2018
New Jersey,1.1454902697085012,1.0456175286382712,1.0415010409747174,2018
New Mexico,1.1330908190570512,1.1617824535628083,0.8947170415086507,2018
New York,1.1267799581928217,1.275228527282341,0.9931036847972888,2018
North Carolina,1.2077264221832593,1.2023559530482653,0.937448668039202,2018
North Dakota,1.154866937952393,1.2724096019446978,0.7481048275862069,2018
Ohio,1.1138410321381695,1.1384485050830175,0.9882341271405336,2018
Oklahoma,1.1987821907267908,1.085870962372502,0.9391712408162758,2018
Oregon,1.0990700484678129,1.1073329088304187,0.9177484767338068,2018
Pennsylvania,1.0945477283055487,1.1718769192973837,1.0088323937048873,2018
Rhode Island,1.1044427022082843,1.216946924715587,0.9479571874221058,2018
South Carolina,1.1340430655947005,1.2820977064249224,1.0074616164616472,2018
South Dakota,1.1595235505275754,0.9425696996695995,0.8588569624250079,2018
Tennessee,1.134300568922483,1.1980843415334654,0.9691747139027413,2018
Texas,1.1433220585736397,1.0217804090419806,0.9428327681356135,2018
Utah,1.0626640435352175,0.677709909462979,1.0191829249775155,2018
Vermont,1.2828766534959628,1.336477040901642,0.8025010521252931,2018
Virginia,1.1492393561542147,1.0328245548187998,0.9296649279917311,2018
Washington,1.067058525776444,1.0179508211231951,0.9084787345377185,2018
West Virginia,1.1265665921430852,1.299595864871503,0.9004919455966046,2018
Wisconsin,1.1774225805362417,1.1175996176593583,0.9250529843486026,2018
Wyoming,1.1412281236660773,1.027165453175998,0.7970494417862839,2018
Alabama,1.1497728466544503,1.245858862649712,0.9851193613208798,2015
Alaska,1.0522023201031157,1.0792174470814624,0.7304136464256261,2015
Arizona,1.0699458595723352,0.9782876282185472,0.9822452362600814,2015
Arkansas,1.1827742931795393,1.224547559825028,0.9518590282415861,2015
California,1.08398008090148,1.0004810452943123,0.9543679350766242,2015
Colorado,1.0729964793799929,1.0373924048702758,0.9132621774035167,2015
Connecticut,1.0791033927413436,1.17831666806125,0.9741109291895905,2015
Delaware,1.0785412592239552,1.2327256535177327,1.0318659508108257,2015
Florida,1.0964800633506677,1.0294155049465687,1.0441228915381413,2015
Georgia,1.1299664394944666,1.2215743866263353,0.9981431419378319,2015
Hawaii,1.1127475975681507,1.0697246617612153,0.8413358639906312,2015
Idaho,1.0011665533926415,0.8494209307222573,0.9412288463046132,2015
Illinois,1.102555003548616,1.1241430797693897,0.9930742590434525,2015
Indiana,1.1262332348899748,1.1067752933079373,0.9742907237870906,2015
Iowa,1.1934364492266307,1.0291720002694873,0.9178330322944288,2015
Kansas,1.069013210032962,1.1214223338599056,0.9225960475131078,2015
Kentucky,1.1445085852526404,1.2633590449242218,0.9309961793186535,2015
Louisiana,1.2405928590282158,1.260835147437166,0.9844168741018904,2015
Maine,1.1849063695253255,1.1767811704834605,0.9826761906924981,2015
Maryland,1.1772395633967823,1.102473345707256,1.001828572198294,2015
Massachusetts,1.1094757358748788,1.1268262167069922,0.960988044631477,2015
Michigan,1.1034238781955885,1.0671378091872792,0.9895723503858969,2015
Minnesota,1.1356262638807202,1.06599574221018,0.9134746370714165,2015
Mississippi,1.2304484780695621,1.4695174528151247,0.9782784823080924,2015
Missouri,1.1496865203761755,1.2253570538796719,0.9751023596925732,2015
Montana,1.15063992194674,1.0003043971552703,0.9309408181743354,2015
Nebraska,1.1613433991482771,1.0531472779003228,0.9423079853509623,2015
Nevada,1.03424177998163,1.0442672673056987,0.9464736304138889,2015
New Hampshire,1.0479009587638461,1.095321628015514,0.9729364957527377,2015
New Jersey,1.1240485674521283,1.0294507409443305,1.050866942671915,2015
New Mexico,1.225536672148946,1.145896734594296,0.9423735824962455,2015
New York,1.112633377276005,1.2677085679406457,1.0029019214664467,2015
North Carolina,1.2088520748313063,1.1813257054709871,0.9493162725365352,2015
North Dakota,1.2318975508730596,0.9505163071260607,0.8438704481389864,2015
Ohio,1.103643817770796,1.1128019722374565,0.9841828495442427,2015
Oklahoma,1.1192222379536552,1.1009031640648363,0.9444861277671203,2015
Oregon,1.0972776807617874,1.0405523826791165,0.9772852454946743,2015
Pennsylvania,1.095711484129899,1.1306374380918744,1.0198263785639259,2015
Rhode Island,1.102994011976048,1.1608671968624034,1.0347315263320622,2015
South Carolina,1.0743752867204577,1.238098595521462,1.0062706723046477,2015
South Dakota,1.188705005442704,1.0867019532530797,0.8713868410070942,2015
Tennessee,1.1577028335179198,1.1291937613064098,1.009205326299189,2015
Texas,1.1250277932780388,0.9865744318340518,0.9696243203803908,2015
Utah,1.058752284108921,0.631638152043112,1.0002236347854432,2015
Vermont,1.2523283927257438,1.165623430962343,0.8800882658359294,2015
Virginia,1.1596391146314398,0.9899988291096594,0.9724222255655617,2015
Washington,1.0711948907434308,0.9390074094609239,0.9270258589642009,2015
West Virginia,1.1502901505646173,1.1694822429119096,0.9331292661766872,2015
Wisconsin,1.151513201293582,1.1385045527092352,0.9380914733683815,2015
Wyoming,1.045212060479236,1.00204023802777,0.8147177669594958,2015
Alabama,1.159143513612046,1.1634996993385447,1.0111330848007274,2014
Alaska,1.1475987042861837,1.1483331732154867,0.7615361426325876,2014
Arizona,1.0604094164250273,0.973761910287652,0.9738784209192475,2014
Arkansas,1.1420428803180218,1.1543293473562888,0.9574061792199017,2014
California,1.096178448090679,0.9500549389261203,0.9428900453502762,2014
Colorado,1.07313769036968,1.0636762196316027,0.9534318258238064,2014
Connecticut,1.0780545325907516,1.1529644023649068,0.9631549726907148,2014
Delaware,1.212177088741295,1.1510569149364778,1.0111430435319217,2014
Florida,1.0793091081032398,0.9961663412214375,1.032923441531949,2014
Georgia,1.1166560791097828,1.223538367278736,0.9882211516734606,2014
Hawaii,1.126849379055433,1.035049633912889,0.8720395739922975,2014
Idaho,1.1072451762106934,0.7490800876681479,0.955651017808862,2014
Illinois,1.0944436110694424,1.1157337439705135,1.0019445688710886,2014
Indiana,1.1255521684113654,1.1174128224246551,0.9733499941880739,2014
Iowa,1.1764953864475909,1.0245467913147077,0.9281719682965214,2014
Kansas,1.0890729742818546,1.102223967794197,0.911316988986668,2014
Kentucky,1.0743546341487487,1.316035117816237,0.9366257002824725,2014
Louisiana,1.2251668118506012,1.1722104653896939,1.0060073835466414,2014
Maine,1.2500085389318365,1.0830219649683592,0.98335737780599,2014
Maryland,1.1720857524613557,1.0970167815183836,1.0096331208631595,2014
Massachusetts,1.0808083640793291,1.1844153842201268,0.9703013939360436,2014
Michigan,1.0973077010722567,1.0956829665030445,1.0066354693747568,2014
Minnesota,1.1175024175262973,1.0894190475724785,0.8932817135522966,2014
Mississippi,1.288937236510167,1.4221046353362186,0.9561232043304263,2014
Missouri,1.150107301693238,1.1337183784215146,0.9597003212000097,2014
Montana,1.102494713337178,1.0230610439398407,0.9114212496931009,2014
Nebraska,1.0752011545534252,1.1042097745875372,0.939458682297584,2014
Nevada,1.03735978368538,0.918091775325978,0.9567449427206974,2014
New Hampshire,1.124696730087322,1.1223015482711256,0.8984628463909083,2014
New Jersey,1.112531766972342,1.0369761993074738,1.036870305682777,2014
New Mexico,1.2191925078469261,1.1417036185471068,0.8867018020176209,2014
New York,1.1026266432713858,1.2613817428027783,1.0171095365643712,2014
North Carolina,1.2246509688471798,1.1235729118705542,0.9568623316574778,2014
North Dakota,1.2374096182949386,0.9713811918262544,0.8181264066016504,2014
Ohio,1.0989063756737614,1.0836451270107754,1.0077162613456379,2014
Oklahoma,1.1221849803457769,1.0833811493975176,0.9615610186771492,2014
Oregon,1.1106986201224527,1.0539306065025087,0.9851066070965206,2014
Pennsylvania,1.107110154890326,1.1159707513243242,1.010810218750834,2014
Rhode Island,1.0322168027775045,1.0768453679256114,1.0391408194846263,2014
South Carolina,1.0889516768079515,1.2726186018377164,1.0220668711340846,2014
South Dakota,1.2215143068433927,0.9768421052631578,0.8866834869866365,2014
Tennessee,1.1096107195855853,1.1724689251242189,1.0052229389497518,2014
Texas,1.110341361101389,0.9877176961165084,0.9738458400900092,2014
Utah,1.045043327650721,0.6176739759124354,1.0083520600789604,2014
Vermont,1.1261084164868271,1.2905688345377062,0.8458210352879817,2014
Virginia,1.1665290125325112,0.9636572111182078,0.9618736880532993,2014
Washington,0.9995806064989217,0.9668981559518592,0.943656576256432,2014
West Virginia,1.1277872734626777,1.17472135632751,0.9482384859453317,2014
Wisconsin,1.1365460764837014,1.0921818476626055,0.9498683882560143,2014
Wyoming,1.0068161287673483,1.1432192648922688,0.8042492104507608,2014
Alabama,1.1162357335056279,1.2220604087693372,1.0373539748865785,2016
Alaska,1.3377877487319547,1.005824863174355,0.7410815929184709,2016
Arizona,1.0583434563453833,1.0048858831452971,0.973798490410075,2016
Arkansas,1.1921358549492496,1.2054651396423548,0.9528773476004537,2016
California,1.0891332483980694,0.9985665346434056,0.939373773543518,2016
Colorado,1.0538781604536411,1.0296419632247509,0.8935676727481328,2016
Connecticut,1.1266472001637773,1.1117765988173236,0.9442376600994383,2016
Delaware,1.2197446225040707,1.0585353846153847,1.0355133585057983,2016
Florida,1.1234843119560889,1.018943695562685,1.0364282522203196,2016
Georgia,1.1787616447157083,1.2357422913066587,0.9806070487156728,2016
Hawaii,1.161385202900787,1.0854989089466376,0.862503161977571,2016
Idaho,1.0950305486959002,0.8097481056727421,0.9168847471330397,2016
Illinois,1.1172180252477193,1.1604885109256706,0.9658058336250323,2016
Indiana,1.1137957275642767,1.126600240455317,0.9892747309828643,2016
Iowa,1.1918174801454309,1.022957314871181,0.9041796457296946,2016
Kansas,1.0830872170075896,1.096644029326464,0.9137884010633509,2016
Kentucky,1.1130808750029058,1.252776613993344,0.9157409001687385,2016
Louisiana,1.2158452435298661,1.2224745789158873,1.009802320960047,2016
Maine,1.2880089209452406,1.2347935324391133,0.934544877651165,2016
Maryland,1.1700062610120496,1.1348446360729525,1.0149520672959815,2016
Massachusetts,1.1359444379225334,1.1725279093490932,0.949088084340626,2016
Michigan,1.1002568323783148,1.0772238810912844,0.9977435720040557,2016
Minnesota,1.1181956216549218,1.1095726880905923,0.8876911871813546,2016
Mississippi,1.3936313260648001,1.452674711815562,0.9661921959003245,2016
Missouri,1.1458075492926827,1.16666989257718,0.9278632825375897,2016
Montana,1.0961364000213458,1.0240022484541877,0.9271021349342027,2016
Nebraska,1.2359226173814988,1.0766304866791865,0.8798880212170326,2016
Nevada,1.1206741751059588,1.0277310924369747,0.9215067125137598,2016
New Hampshire,1.075269201874575,1.1079784231324092,0.9524549368655282,2016
New Jersey,1.1507239742562712,1.033895413686766,1.0294475510808783,2016
New Mexico,1.1298667241104794,1.1130518035501733,0.9192161442893633,2016
New York,1.1170986195224974,1.2690116274164016,1.013346251449955,2016
North Carolina,1.190563358439734,1.172297267949442,0.955821681469035,2016
North Dakota,1.178184169206613,1.202144380824071,0.8067325406129626,2016
Ohio,1.1056258347602432,1.1316208058638375,0.9822144333188005,2016
Oklahoma,1.1639850225561061,1.0767556421124986,0.9467341478085914,2016
Oregon,1.112483584314791,1.0400156551396382,0.9114384722850595,2016
Pennsylvania,1.0881696557358511,1.1320978756586877,1.0150627357295896,2016
Rhode Island,1.1081236208721827,1.1712513775741729,0.9765141637530831,2016
South Carolina,1.141481584414792,1.259293396859391,0.9667383105980568,2016
South Dakota,1.2470067525392952,1.1868272892863057,0.8887032887893095,2016
Tennessee,1.142496707927311,1.209859443931466,0.9864482557988886,2016
Texas,1.1096835604807553,1.0013650772390392,0.9685904868463562,2016
Utah,1.1093195506654576,0.638772436810615,0.9716806300915023,2016
Vermont,1.2846540306005938,1.2373392549383535,0.8733044696931779,2016
Virginia,1.1505962033922277,1.0174157016131093,0.96204197807267,2016
Washington,1.056056407198232,0.9950266579562936,0.9132847025784593,2016
West Virginia,1.1214975992220264,1.1848536024579324,0.9660888676937113,2016
Wisconsin,1.1802958340432783,1.103916099867286,0.9398530100515186,2016
Wyoming,1.0823257987267099,0.9580172237030962,0.8089355174491865,2016
Alabama,1.195555922878024,1.1664407403118464,0.9848994798209865,2017
Alaska,1.1939705031810295,1.1578167448752779,0.6411092652799152,2017
Arizona,1.0563911388258154,1.0076731241452492,0.9871753178097414,2017
Arkansas,1.144399837551015,1.2507717881738305,0.9154256765529423,2017
California,1.1012495696036004,1.0142123435348558,0.9388452806851251,2017
Colorado,1.0704952133363919,1.0286688281225567,0.8924468500191246,2017
Connecticut,1.132856222352541,1.1753716432225063,0.9539431445958161,2017
Delaware,1.0962541488857278,1.230429693215627,1.0146309185373983,2017
Florida,1.1388798721030498,1.0185071847552838,1.0066801355444672,2017
Georgia,1.1514352566428276,1.2595484851388907,0.9668256150718193,2017
Hawaii,1.1578145386322296,1.0579606767261087,0.9213590202412214,2017
Idaho,1.0986683464070943,0.8710862306030249,0.9209173504516864,2017
Illinois,1.0981007064315729,1.1557188993292513,0.9964319203088277,2017
Indiana,1.161063227146631,1.1219967837299103,0.9795770176594061,2017
Iowa,1.1536567047715658,1.1459855571792765,0.9015793749153813,2017
Kansas,1.1141114599762685,1.091183276565872,0.9193315500904929,2017
Kentucky,1.1121504352744782,1.3366396478775011,0.9113195685262392,2017
Louisiana,1.2997770246164824,1.309851471209348,0.9801074423994814,2017
Maine,1.2465413384523731,1.322966553941787,0.9661584708685546,2017
Maryland,1.1693742554036421,1.195469492144684,0.9284021594107392,2017
Massachusetts,1.1303312295650618,1.1520567472943537,0.9338731714870256,2017
Michigan,1.1297164887014706,1.0852758265849403,0.9567281309724709,2017
Minnesota,1.104453857804528,1.1044215193562918,0.9081658498396161,2017
Mississippi,1.264688873925615,1.4479386186221839,0.954311476151688,2017
Missouri,1.1626537445981628,1.1794507354385046,0.9238928214157883,2017
Montana,1.136620586874968,1.0565759089200366,0.8473131667127793,2017
Nebraska,1.1454844429625812,1.0845020930729978,0.9036554852018734,2017
Nevada,1.052296295437551,1.0216254614479858,0.9306289894171801,2017
New Hampshire,1.1201216838412629,1.161919674313004,0.8736418632788868,2017
New Jersey,1.1454902697085012,1.0456175286382712,1.0415010409747174,2017
New Mexico,1.1330908190570512,1.1617824535628083,0.8947170415086507,2017
New York,1.1267799581928217,1.275228527282341,0.9931036847972888,2017
North Carolina,1.2077264221832593,1.2023559530482653,0.937448668039202,2017
North Dakota,1.154866937952393,1.2724096019446978,0.7481048275862069,2017
Ohio,1.1138410321381695,1.1384485050830175,0.9882341271405336,2017
Oklahoma,1.1987821907267908,1.085870962372502,0.9391712408162758,2017
Oregon,1.0990700484678129,1.1073329088304187,0.9177484767338068,2017
Pennsylvania,1.0945477283055487,1.1718769192973837,1.0088323937048873,2017
Rhode Island,1.1044427022082843,1.216946924715587,0.9479571874221058,2017
South Carolina,1.1340430655947005,1.2820977064249224,1.0074616164616472,2017
South Dakota,1.1595235505275754,0.9425696996695995,0.8588569624250079,2017
Tennessee,1.134300568922483,1.1980843415334654,0.9691747139027413,2017
Texas,1.1433220585736397,1.0217804090419806,0.9428327681356135,2017
Utah,1.0626640435352175,0.677709909462979,1.0191829249775155,2017
Vermont,1.2828766534959628,1.336477040901642,0.8025010521252931,2017
Virginia,1.1492393561542147,1.0328245548187998,0.9296649279917311,2017
Washington,1.067058525776444,1.0179508211231951,0.9084787345377185,2017
West Virginia,1.1265665921430852,1.299595864871503,0.9004919455966046,2017
Wisconsin,1.1774225805362417,1.1175996176593583,0.9250529843486026,2017
Wyoming,1.1412281236660773,1.027165453175998,0.7970494417862839,2017
Alabama,1.1250349230442054,1.1920998724539096,1.0034922042800372,2013
Alaska,1.1996550344965504,1.0670028163895702,0.6828784908059986,2013
Arizona,1.0395899620306495,0.9866940288627035,1.0173606813934288,2013
Arkansas,1.1193619942959756,1.0975444288769265,0.9389789706832679,2013
California,1.092092306784595,0.9631155681775477,0.9640556738330524,2013
Colorado,1.0500983609581949,0.9792886519238532,0.9683524625409321,2013
Connecticut,1.1105253660053678,1.093924474672622,0.9803785988694151,2013
Delaware,1.133311831425039,1.0719962840627582,1.0656624875980878,2013
Florida,1.1054897204025778,0.9592926382052295,1.044833374893132,2013
Georgia,1.1131983301483224,1.1642026160231418,0.9843721946049866,2013
Hawaii,1.0689672070094283,1.124897288414133,0.9186560401226521,2013
Idaho,1.085739841553795,0.7978626983959699,0.969948247127277,2013
Illinois,1.1271589111026414,1.0759018050597338,0.9916381153443603,2013
Indiana,1.1523849572380662,1.0880721683929169,0.9973339581314277,2013
Iowa,1.2096542497779434,1.0387477849970466,0.9221887073380483,2013
Kansas,1.0898227642106801,1.0720148108546932,0.92196407568695,2013
Kentucky,1.0571384118710982,1.2480151811273934,0.947152242494074,2013
Louisiana,1.2293163687585449,1.1882299921132684,1.0260756531912127,2013
Maine,1.2241161073083209,1.1921667948080141,0.9872406610193029,2013
Maryland,1.185728325449573,1.1400960969110825,0.9896706484156363,2013
Massachusetts,1.134801591988317,1.115683632747288,0.9817642463254985,2013
Michigan,1.1044817048580928,1.03364846947599,1.0088567381717284,2013
Minnesota,1.1320253894979804,1.0506905004489009,0.9147786191270116,2013
Mississippi,1.2440684575022676,1.2802052557922563,0.9474510927982802,2013
Missouri,1.123012042360405,1.0911404566732763,0.9480034096124844,2013
Montana,1.167917058216382,1.0119823679145714,0.9082167110024288,2013
Nebraska,1.10771012574454,1.0722375906884494,0.9526448389107423,2013
Nevada,1.0060895089392623,0.9559861591695502,0.9731647963246749,2013
New Hampshire,1.0707767765484202,1.112926212277764,0.941033636802841,2013
New Jersey,1.0929651064386607,1.0439437409822272,1.0601489473700605,2013
New Mexico,1.1784733214194536,1.037093091525866,0.8822953492287109,2013
New York,1.1007881721127375,1.2559563106578102,1.033124546869986,2013
North Carolina,1.188116175972528,1.1172864457019671,0.9839426150069128,2013
North Dakota,1.1939427500425968,1.0649832674170976,0.8189405191314802,2013
Ohio,1.108161488763744,1.0739325854821913,1.01521062775146,2013
Oklahoma,1.1083553028852526,1.0641128436688962,0.9969044801893128,2013
Oregon,1.05509460880012,1.013033864773653,0.9980456840887416,2013
Pennsylvania,1.089313552048484,1.077090734817624,1.0451539883064944,2013
Rhode Island,1.0895482669150423,1.0075082327113063,1.0041793380639883,2013
South Carolina,1.0882317183245958,1.1572842898918367,1.016506171969728,2013
South Dakota,1.1367885274138299,0.9998583368749114,0.8730980229789876,2013
Tennessee,1.1017983014923056,1.1937296288864423,1.0131550090692865,2013
Texas,1.1144080194504125,0.9450716078400128,0.9717178723329638,2013
Utah,1.0614548659253313,0.643697322467986,1.0050863973522173,2013
Vermont,1.3268679643258363,1.1851709967263355,0.8690051501832394,2013
Virginia,1.1519448163652695,0.9542834256292483,0.9609441343447355,2013
Washington,1.0710803918618188,0.9515758932619143,0.956446352139488,2013
West Virginia,1.185062160597624,1.0776481899506731,0.9333718798011003,2013
Wisconsin,1.1573430322456857,1.0828100470957613,0.9441773551981644,2013
Wyoming,1.0971702220287332,0.9755128280053766,0.7544134415914493,2013
Alabama,1.120994735337157,1.124917590420557,1.0341462547548792,2012
Alaska,1.2386833471151537,1.1593633997525281,0.7045526034348985,2012
Arizona,1.0394229811417697,0.8879418076515354,1.0202987066730567,2012
Arkansas,1.1832144816236971,1.1064811369893592,0.9625187481377059,2012
California,1.0973736279656705,0.9503244073745866,0.9590880010071109,2012
Colorado,1.0400185881894588,0.9744838235660382,0.9272572336057636,2012
Connecticut,1.0726937030071602,1.1023925105792152,0.9823312603700936,2012
Delaware,1.1958945999890132,1.11379893740168,0.9898167369011877,2012
Florida,1.077039430654541,0.9603892144524175,1.0538521117748878,2012
Georgia,1.1100454095846846,1.1848763020833333,0.9976410076831984,2012
Hawaii,1.1999153938638287,1.1158621270148563,0.8607624066552371,2012
Idaho,1.0787146789506208,0.7479431406619633,1.001052397361189,2012
Illinois,1.1274444049153463,1.0837125613219727,1.0055869084716285,2012
Indiana,1.1221678210818984,1.0883583672434265,1.0006302407800929,2012
Iowa,1.1613184409565627,1.0159257983682293,0.9183262590935979,2012
Kansas,1.1021538797099077,1.053517769141392,0.9203113681051434,2012
Kentucky,1.099033181220512,1.2377387734941196,0.9489482115701807,2012
Louisiana,1.2191823166585027,1.1671904879110893,0.9885087728179324,2012
Maine,1.1988362105466908,1.2121825023518344,0.947145866133356,2012
Maryland,1.1518539537930361,1.0989498778530697,1.0158279568447557,2012
Massachusetts,1.104666535668159,1.127091979642832,0.996076979477463,2012
Michigan,1.1260803490681262,1.0373797221195185,1.007066878847523,2012
Minnesota,1.122566927896608,1.0257234893749676,0.9471460872044448,2012
Mississippi,1.2830118726343107,1.2827641973004913,1.020534705287575,2012
Missouri,1.1582084874129395,1.1122229023072625,0.9913354489575933,2012
Montana,1.1248339973439574,0.9620433436532507,0.872070789096815,2012
Nebraska,1.1448446423714984,1.073825148179509,0.9408309068378727,2012
Nevada,1.0150400247387323,0.9374913470856985,0.9984532045424879,2012
New Hampshire,1.127655348435343,1.0592098313320892,0.9379093594820542,2012
New Jersey,1.1090298242692367,1.0381040712147775,1.06548397103903,2012
New Mexico,1.1165395163300922,1.0580261177987962,0.9414549332344213,2012
New York,1.0973864707896144,1.2462638136805904,1.0350163053291341,2012
North Carolina,1.194584766377183,1.084949564068782,0.9711274503175005,2012
North Dakota,1.2327933823359984,0.9947106409458618,0.8176014755728025,2012
Ohio,1.0879255598977904,1.0523946268286215,1.0165570027661723,2012
Oklahoma,1.1411815657401982,1.0252136665380946,0.9732499757053545,2012
Oregon,1.06428937108652,1.0218216886701472,0.9872463591028158,2012
Pennsylvania,1.0664098784057041,1.0986255730422558,1.0440401675147477,2012
Rhode Island,1.0800684345594525,1.172755359543407,0.9905126269558057,2012
South Carolina,1.116720297711305,1.1386489103042576,1.0409071596887791,2012
South Dakota,1.1438785544538228,1.030212438284187,0.884138472759917,2012
Tennessee,1.1403630037284471,1.075697826410682,1.0032258103591758,2012
Texas,1.1195403229180743,0.93637814352774,0.9859738239247041,2012
Utah,1.0757441396450533,0.6283637810794421,1.0026672763298277,2012
Vermont,1.2400484101661349,1.2256857855361596,0.8335717866881887,2012
Virginia,1.1540183037271403,0.9556440564263915,0.9796735559139449,2012
Washington,1.059169890096396,0.9451989018521165,0.9770742424426591,2012
West Virginia,1.1752601156069364,1.2147847278635255,0.9326727408788352,2012
Wisconsin,1.19565669778227,1.040151146609949,0.9309245613987227,2012
Wyoming,1.0617629179331307,0.9271934884317119,0.7980956735747812,2012
Alabama,1.1445548394661953,1.1146110804633935,1.0638368408520615,2011
Alaska,1.2347701387165273,1.0535798287703453,0.741717203246232,2011
Arizona,0.9938761034047919,0.9279713901689708,1.0171174205023246,2011
Arkansas,1.0779343299150936,1.0628167045255985,0.9749301310921666,2011
California,1.1029356560193875,0.9412357410933831,0.9676276689953753,2011
Colorado,1.0410651485417841,0.9595500301127076,0.9668960122706088,2011
Connecticut,1.0880426563257393,1.083603289979102,0.9966753130984372,2011
Delaware,1.1599207417952369,0.9858975747076657,1.0738112001217819,2011
Florida,1.093696056885343,0.9362059828874421,1.0581144544216854,2011
Georgia,1.1058313688650987,1.1185082985301296,1.0179205729518248,2011
Hawaii,1.1509611461214126,1.0530644558309326,0.8964272480606256,2011
Idaho,1.0427843422747383,0.7127620127816433,1.048764274650228,2011
Illinois,1.119971176672067,1.059654441854336,1.0168477373435063,2011
Indiana,1.071955871960155,1.0391379765884368,1.0137364153568849,2011
Iowa,1.1413395123515846,1.0326502765527157,0.9483600674073149,2011
Kansas,1.1568042606917008,0.9840446218401392,0.9428926805094731,2011
Kentucky,1.0707903780068728,1.2064049321402577,0.9288455770069808,2011
Louisiana,1.1967800875650705,1.1900214921707093,1.0247063595488164,2011
Maine,1.1602269334129591,1.1486811070478005,0.9626050961479216,2011
Maryland,1.160748280770395,1.1069341536382624,1.0376653413372834,2011
Massachusetts,1.0832891589385225,1.0963219871961836,1.0110755948557857,2011
Michigan,1.1178493166756869,1.0277946907906328,1.0229889390111557,2011
Minnesota,1.117369052948598,1.0034225826681265,0.9405677108863242,2011
Mississippi,1.234296357257331,1.2350332946617295,0.9939470724897411,2011
Missouri,1.0801618334837253,1.0789314996032795,0.9950009043729913,2011
Montana,1.1524155102784441,0.8019418078044543,0.9024316807834624,2011
Nebraska,1.15284909649793,1.0073920919254205,0.9900230663080812,2011
Nevada,1.0640756764684314,1.006900350816155,0.9468003231770992,2011
New Hampshire,1.1073521797659729,1.0715225818083476,0.9604574033524131,2011
New Jersey,1.0987158705797229,0.9586017900352759,1.1050252839821584,2011
New Mexico,1.1239642820060223,0.9647985717612357,0.9552656235360255,2011
New York,1.1035622765300503,1.2199580304366722,1.044308730142288,2011
North Carolina,1.2024848530209074,1.068578322521987,0.9842578220653901,2011
North Dakota,1.2629012300749691,1.0531887425768138,0.7949193468087224,2011
Ohio,1.0674635384456812,1.05321646937314,1.034958915288452,2011
Oklahoma,1.1249792280383715,1.0121157097238744,1.0053977991539305,2011
Oregon,1.101904664274731,0.9637214193270061,1.0009557357092906,2011
Pennsylvania,1.1078340211158155,1.0497775928113702,1.0437710738549617,2011
Rhode Island,1.0827490464437963,1.0161697482431602,1.1127874672017286,2011
South Carolina,1.1231580586470848,1.0856115107913669,1.0266215969303856,2011
South Dakota,1.1688410386320456,1.066481210806733,0.8580920557047109,2011
Tennessee,1.1671968849803143,1.0761726165138459,1.0176895959175802,2011
Texas,1.0789798759755256,0.94318782478565,1.020859929118394,2011
Utah,1.0531569061837796,0.5763113811128827,1.0149310061148853,2011
Vermont,1.238738839037207,1.259017366780466,0.8535311141457548,2011
Virginia,1.167507720932245,0.9171943578919154,0.9904445306836737,2011
Washington,1.009735023984545,0.9313791236179896,0.9717222549387012,2011
West Virginia,1.0914352439457786,1.1114548889938591,0.9974634178860705,2011
Wisconsin,1.1567008068678857,0.9975291836582952,0.9605203736853274,2011
Wyoming,1.1038486209108402,1.0457774269928966,0.8434450690540635,2011
